0,936373201174151
0,472013901181616
0,385162497079839
0,24414948187787
-0,0438048272850785
0,914460167171295
0,554544354197409
0,0943504055613932
0,551898369088989
0,714964147257558
0,241271954313848
-0,567524212863286
-0,156724124513333
0,524214864542337
0,589228130756004
0,646024946959212
0,953662598250991
0,0722161476943903
0,280377548761391
0,407738515229696
-0,177448551306884
0,693262754941579
0,707119194701966
0,535968498048837
0,712623804329591
0,160501374321233
0,705424069854015
0,381849183522922
0,516802514625255
-0,0130281592955556
0,484456179799332
0,616634831385735
0,868098698150301
-0,126854727611863
0,344740371967285
0,356715518416899
0,937768656539475
0,518039067187357
0,792793692623736
0,864110654515544
-0,0544308983822221
0,453356409582496
0,830768996622914
0,366526043355084
0,915170249585641
0,334752627431933
0,753546916660595
0,867108667835919
0,799619165997826
0,568749423557998
0,809002304378962
0,514491396334733
0,048754291136728
0,0133334544713159
0,0854175304762357
0,0742328410256471
0,758046897177969
0,548482948993879
0,176363963904278
0,0606469840368915
0,431146221377843
0,0825121302942643
0,575401780390475
0,697373606555795
0,225342635100228
0,76919988395311
0,312118871889061
0,785950826446559
0,368979157180221
0,506302033538209
0,847475697159542
0,323038229604826
0,487032891990112
0,407539126177079
0,46054904292786
0,495791402081523
-0,60364383503914
0,0700210705674645
-0,0127273111021258
0,0328143587101719
0,512367596308083
0,298943062311094
0,164768232992048
0,577682429117676
-0,627335136791157
4,41510332645649
0,842647587493805
0,721570502093193
0,0646292565157274
-0,376911679514256
0,266608818652985
0,880826729893827
0,200388612211093
0,217799505125782
-1,48459605197943
0,445508081806889
0,0387792175539723
-0,893523757503696
0,15826371249583
-0,957489104555555
-0,0230959515985419
1,71939736281441
0,297638224940539
0,473957319309286
0,963825585014393
0,304319385881489
0,152683537688901
0,145649836757652
-0,0688726016916306
0,443125488248089
0,0105126254756796
0,539245603361938
0,72423060105197
0,684732661386335
-0,409018193258107
-0,946682240080593
0,463963798067274
0,902586219142139
0,589686171846799
0,535598349802785
0,151943439027171
0,700035926005524
-1,58533244963293
-0,0364532580870124
0,0247521626735601
-0,218071521496095
-0,502860955607241
0,695878884624562
-0,183953860613943
0,662231919146799
-0,799183570933355
-0,247850468475401
0,332855951129032
0,563531105424869
-0,848584438447739
0,620135003878489
-0,148290340301332
0,031906847765342
0,682109750210054
0,811985826580673
0,623737388743145
0,689646910239122
0,406760381458691
0,854510633521536
0,326940115724055
0,808446926399822
0,536250939527053
0,323446095177638
0,247941317602976
0,247146866218389
0,346977937865807
0,0738689017615191
0,0550677141831623
0,710780531341012
0,865540351875941
0,697500111446642
0,409402377313346
0,359446986460879
0,229801324624317
0,370023777414166
0,074346861347847
0,382265829354183
0,499462668020704
0,601291542113415
0,0589393500572234
0,108217127066946
0,318827328046634
-0,255874287528135
0,919419696682146
0,586606321527496
0,3116964451412
0,214108942175032
0,113430079493263
0,508670930422968
0,646327645809967
0,460705646525674
0,183055146429221
0,37792162647317
0,328758716866475
0,182836696081896
0,89239533538189
0,743243991925324
0,403536311501614
0,729543843992829
0,278299076128169
0,121606052229363
-0,0481157010859674
0,224671732842704
0,250287511872466
-0,110623424193373
-0,0923188274971346
0,439790394805326
0,725746035044626
1,11815752330681
0,558303676697013
0,57563062678753
-1,69529880622999
1,01257586968489
0,802986599403712
0,382281130314935
0,120897730078577
0,260751043357719
0,184847991233263
0,503862042744626
0,32527464162333
0,393049435309478
-0,120381656253804
0,63673051248432
-1,12884411082501
0,270375540988123
-0,64552476982882
0,108886139643181
0,889312801512276
0,245194461794365
0,592057271342956
0,506406803866421
0,8790835231251
0,982723459337327
-0,465940326310012
0,942165788783033
0,755414340092799
0,819869959371865
0,373027107105265
0,57592475258693
0,644007201752713
0,415308364986429
0,512624019866181
0,807563402822613
0,321196189260484
0,436982367368479
0,226231844042093
0,559867510589965
0,405830522128019
0,27367784995177
0,395938956607151
0,512785656768987
0,0844857980864792
-0,327225353107319
0,689069920984091
0,369515998086343
0,970544467668484
0,221477976280206
0,0998904072318443
0,200754147415035
0,750175192860074
0,317411351152098
0,446690601241165
0,0560536745409997
0,647806658127101
0,951560271944916
0,468927853826635
0,0109851998361239
0,0653244269323995
0,841948862390385
0,100045713240542
0,373617371481051
-0,202331335597588
0,746266648107291
0,78177119271332
-0,214519702867774
-0,0622624198685615
0,308008809702268
-0,0421679318956113
-0,257224621628485
0,49000691687489
-0,255611727006065
0,423435657321608
0,163452718291765
0,155181450321012
0,0573653293783177
7,13360542345339
4,00653720250026
0,0315232430859222
0,340360644760736
0,499436918688828
-0,183303537325523
1,14760177799336
0,62154645812158
-0,143713324150368
1,39034354717941
0,154589979772841
0,0989618289029465
-1,43005390764952
0,379295565292554
-1,79735222136912
0,453030784412702
-0,393499673245447
0,311981787657245
0,27857159780028
0,885105548100022
0,219528610771191
0,733514391293471
0,313872720086646
0,626227547655079
0,238463315801734
0,699901883040583
0,312027401651753
0,587941390452847
0,709539902563534
0,202204103826057
-0,708251231677213
0,889263848767982
0,937802259352897
0,548234422844653
0,478106279582025
0,617694133447691
0,562854168487776
0,413290535559497
0,684877500458763
0,0517834228437328
-0,231645342537013
-0,37894548004599
0,831603101918935
0,747786398679051
0,665694971344654
0,0834202726826734
-0,413431765580436
-0,423526189564303
0,614635407812427
-1,0211613170702
0,577952881443331
-0,210020055901088
-0,0501433298742576
0,689601453820044
0,551210099947364
0,386929645183008
0,559264848693836
0,621128847506833
0,696879927230826
-0,557966232614845
0,60900161334396
0,722645724211758
0,159678904173717
0,15964901796936
0,80744725319204
0,490386223888452
0,251655243807676
0,555579091221679
0,529178747955767
0,387874458553254
0,811333308306858
0,440452773363311
0,890884676683522
0,317599122563306
0,482756138243022
0,24947946065865
0,818497468961697
0,294922783324493
0,948627837527519
0,534155717292914
0,580950913238904
0,308813061606846
0,0305988241677084
0,623272166555923
0,116098552515786
0,0724700929388381
0,955781435486303
0,207863005077979
1,04822218145718
0,505016428448315
0,0420733984612374
0,124647979245724
0,26920419448167
0,474969743701374
0,372168805339817
0,501439333077761
0,94880564370854
0,743814239071989
0,0635480900176482
0,18701985194107
0,460046268020132
1,08788151003293
0,181678573442861
0,370862858279875
0,0773655837446443
-0,899735514684514
0,0720335899991242
0,704493648596171
1,30095577913331
0,817069025707634
0,976306242891175
12,7653542753829
0,988425209794697
0,121519431032258
0,800882638337662
-1,78736206808061
-0,452486964239949
0,842960844982942
-0,0208946989038348
0,696702620524532
-0,829115839957277
-0,577750558232762
0,708042493363274
-0,131458401772414
0,329479415185772
0,514888719705104
-0,579891176427135
0,381668116182645
0,668069656006498
0,660533326764648
0,479446147232753
0,0598390403054209
1,02335547595238
0,243317406614841
1,04526626430448
0,477181232115101
0,816739124919253
0,916564986712114
0,0442826289501053
-0,0080986416454428
-0,244059114883572
-0,717494330719163
0,0929690074321546
0,825295091403444
0,89324659765279
0,576964528729887
0,516807714240369
-0,168396673638792
0,399892277178213
0,662318082714157
0,953835744104604
0,0712888048196245
0,456115412501454
0,269236184358727
0,497611162907031
0,459304987752842
0,698694913641417
-0,143709088497156
0,691506519208367
0,700430021279638
0,213773703591958
0,677358745684049
0,128223015387548
0,881540512423445
0,546952592468757
0,541194744568725
0,866573014648785
0,867761566360075
0,224118295001558
0,484453458156514
-0,0515143873472558
0,678111604147311
0,406111034518005
0,00658784429567831
1,81587211023314
1,04161490052893
-3,50411006580947
1,3145369265052
1,12525757017273
1,35666203002852
0,699205874673154
-4,18224766284067
-0,0500636636971621
2,23679648388923
-7,30828819828849
0,724002584599234
